&TORIC_MODE
 TORICMODE="qldci_CQL3D     ",
 /
&QLDCIINP
 NUM_RUNS=1          ,
 PATH="./                                                                              ",
 FILES_TORIC="fort.9                                                                          ", 49*"                                                                                ",
 NPSI_QLD=60         ,
 D_U=  5.0000000000000001E-003,
 RHO_MIN=  1.0000000000000000E-002,
 RHO_MAX= 0.94999999999999996     ,
 ENORM=  2500.0000000000000     ,
 WDELTA= -1.0000000000000000     ,
 DELTAPSI=  7.1107579947588260     ,
 ISPEC_DQL=4          ,
 IH_DQL=1          ,
 PWTOT=  40000000.000000000     ,
 PW_NPHI=  1.0000000000000000     , 49*0.0000000000000000       ,
 SUBSMTH=0          ,
 ASCII_OUT=T,
 NCDF_OUT=F,
 ASCII_NAME="du0u0_input                                                                     ",
 /
&TORICAINP
 NVRB=3          ,
 NMOD=255        ,
 NTT=512        ,
 NELM=500        ,
 NPTVAC=-1         ,
 MXMVAC=15         ,
 FREQCY=  110000000.00000000     ,
 NPHI=30         ,
 NANT=1          ,
 ANTLEN=  50.000000000000000     ,
 ANTLC=  1.6000000000000001     ,
 THEANT= 4*0.0000000000000000       ,
 ANTPHIPOS= 4*0.0000000000000000       ,
 IFLR=1          ,
 IBPOL=1          ,
 IQTOR=1          ,
 ICOLL=0          ,
 ENHCOL=  1.0000000000000000     ,
 IMDEDG=2          ,
 IEZVAC=1          ,
 IBWELD=1          ,
 ICOSIG=0          ,
 IREGAX=1          ,
 ISOL=1          ,
 MASTCH=2          ,
 LENWRD=8          ,
 IOUT=0          ,
 IDLOUT=1          ,
 IO_NCDF=1          ,
 IWDISK=1          ,
 IPLTHT=0          ,
 ZEFF=  2.2600004000000000     ,
 ICLRES=0          ,
 DNURES=  1.0000000000000000     ,
 TNURES=  1.0000000000000000     ,
 TIMING_ON=T,
 SCRATCHPATH="~/pscratch/tmp/                                                                 ",
 BSCALE=12         ,
 USE_INCORE=T,
 PCBLOCK=4          ,
 INUMIN= 3*0          ,1          , 4*0          ,
 /
&EQUIDATA
 IGSMHD=1          ,
 INTCHB=0          ,
 IDPROF=1          ,
 MAXMOD=0          ,
 RTOR=  0.0000000000000000     ,
 RPLASM=  0.0000000000000000     ,
 ASHIFT=  0.0000000000000000     ,
 AELLIP=  0.0000000000000000     ,
 SELLIP=  0.0000000000000000     ,
 STRIAN=  0.0000000000000000     ,
 IUDSYM=0          ,
 AZVERT=  0.0000000000000000     ,
 STRIGZ=  0.0000000000000000     ,
 SP_XS1=  0.0000000000000000     ,
 BZERO=  0.0000000000000000     ,
 AICURR=  0.0000000000000000     ,
 QAXIS=  0.0000000000000000     ,
 QEDGE=  0.0000000000000000     ,
 PPJTE=  0.0000000000000000     ,
 PPJTI=  0.0000000000000000     ,
 NSPEC=4          ,
 MAINSP=1          ,
 ATM=  2.0000000000000000     ,  3.0000000000000000     ,  83.000000000000000     ,  3.0000000000000000     , 4*0.0000000000000000       ,
 
 AZI= 2*1.0000000000000000       ,  36.000000000000000     ,  2.0000000000000000     , 4*0.0000000000000000       ,
 ACONC= 8*0.0000000000000000       ,
 DENEC=  0.0000000000000000     ,
 TEMPEC=  0.0000000000000000     ,
 TEMPIC= 8*0.0000000000000000       ,
 PPNEI=  0.0000000000000000     ,
 PPNEE=  0.0000000000000000     ,
 PPTEI=  0.0000000000000000     ,
 PPTEE=  0.0000000000000000     ,
 PPTII= 8*0.0000000000000000       ,
 PPTIE= 8*0.0000000000000000       ,
 DNSEPR=  0.0000000000000000     ,
 TESEPR=  0.0000000000000000     ,
 TISEPR= 8*0.0000000000000000       ,
 SO_THICKNESS=  0.0000000000000000     ,
 GLDN=  0.0000000000000000     ,
 GLTE=  0.0000000000000000     ,
 GLTI= 8*0.0000000000000000       ,
 DIST_PLAFARS=  1.0000000000000000     ,
 DIST_PLAANT=  2.0000000000000000     ,
 DIST_PLAWALL= 4*10.000000000000000       ,
 INPUTPATH="./                                                                              ",
 EQUIL_FILE="equigs.data                                                                     ",
 PROFNT_FILE="equidt.data                                                                     ",
 /
&IPS
 TORIC_TO_ALLA=1          ,2          ,3          ,4          , 4*0          ,
 
 /
